entry 0
@0
	1;0;0
	2;0;0
	5;0;1
@60
	3;0;0;Bing Bong
	4;300
@61
	3;0;0;You What Mate
	4;360
@62
	3;0;0;Bong Bing?
	2;0;8
	4;300
	6
@102
	1;1;0
	2;1;0
	5;1;1
	5;0;4
	3;1;0;You Starting on Me?
@112
	3;1;1;かい？
	4;300
	5;0;3
	5;1;4
@113
	3;0;0;どっちかつーと、あんたらの永眠かな？
	2;0;1
	8;1;0;冬の忘れ物　　　　　
	8;1;1;レティ・ホワイトロック　
	13;0
	4;30
	13;1
	4;300
	5;0;4
	5;1;3
@114
	3;1;0;ところで、人間は冬眠しないの？
	3;1;1;哺乳類のくせに
	2;1;2
	4;300
	5;0;3
	5;1;4
@115
	3;0;0;する人もいるけど、私はしないの
	2;0;0
	4;300
@116
	5;0;4
	5;1;3
	3;1;0;私が眠らせてあげるわ。
	3;1;1;安らかな春眠
	2;1;1
	4;300
@117
	5;0;3
	5;1;4
	3;0;0;あ〜ぁ、春眠ももっと暖かく
	3;0;1;ならないとねぇ
	2;0;3
	4;300
@118
	5;0;4
	5;1;3
	3;1;0;暖かくなると眠るんなら、私達と同じだね
	3;1;1;あと、馬酔木の花とかも
	2;1;0
	4;300
@119
	5;0;3
	5;1;4
	3;0;0;うるさい、あんたみたいのが眠れば
	3;0;1;ちったぁ暖かくなるのよ！
	2;0;8
	7;1
	4;300
	5;0;5
	5;1;5
	13;0
@149
	0
	13;1
@0
	0
entry 1
@0
	1;0;0
	2;0;2
	5;0;1
@60
	3;0;0;あんま、暖かくならないわね
	4;300
	3;0;0;もう少し、激しい攻撃でもよかったのに
	4;900
	13;0
@120
	9;0
	12
@180
	4;1200
	11
	10
@0
	0
entry 10
@0
	1;0;0
	2;0;0
	5;0;1
@60
	3;0;0;なんで、私がこんなとこにいるんだ？
	4;300
@61
	3;0;0;冬の雪山は遭難しやすいんだぜ
	2;0;1
	4;360
	6
@101
	1;1;0
	2;1;1
	5;1;1
	5;0;4
	3;1;0;なんで遭難しやすいか、知ってる？
	4;300
	5;0;3
	5;1;4
@102
	3;0;0;冬の雪無し山が無いからだな。
	2;0;3
	8;1;0;冬の忘れ物　　　　　
	8;1;1;レティ・ホワイトロック　
	13;0
	4;30
	13;1
	4;300
	5;0;4
	5;1;3
@103
	3;1;0;やっぱり、あなたも遭難者？
	2;1;0
	4;300
	5;0;3
	5;1;4
@104
	3;0;0;私は普通だぜ
	2;0;0
	4;300
@105
	5;0;4
	5;1;3
	3;1;0;かわいそうに、寒さにやられたのね
	2;1;1
	4;300
@106
	5;0;3
	5;1;4
	3;0;0;そうだな。本来なら今ごろは、人間達が
	3;0;1;桜の木の下で眠る季節だしな
	2;0;1
	4;300
@107
	5;0;4
	5;1;3
	3;1;0;今年は冬が長いわねぇ。
	3;1;1;私もいい加減、春眠したくなってきたわ
	2;1;2
	4;300
@108
	5;0;3
	5;1;4
	3;0;0;しっかりしろ、この寒さで寝たら殺すぜ
	2;0;3
	7;1
	4;300
	5;0;5
	5;1;5
	13;0
@138
	0
	13;1
@0
	0
entry 11
@0
	1;0;0
	2;0;2
	5;0;1
@60
	3;0;0;こんな奴でも
	4;300
	3;0;0;倒せば、少しは春度が増えたかな？
	4;900
	13;0
@120
	9;0
	12
@180
	4;1200
	11
	10
@0
	0
entry 20
@0
	1;0;0
	2;0;1
	5;0;1
@60
	3;0;0;ああもう、こんな雑魚倒しても何にも
	3;0;1;なりゃしない！
	4;300
@61
	3;0;0;さっさと黒幕の登場願いたいものだわ
	4;360
	6
@101
	1;1;0
	2;1;2
	5;1;1
	5;0;4
	3;1;0;くろまく〜
	4;300
	5;0;3
	5;1;4
@102
	3;0;0;あなたが黒幕ね
@103
	3;0;1;では、早速
	2;0;1
	8;1;0;冬の忘れ物　　　　　
	8;1;1;レティ・ホワイトロック　
	13;0
	4;30
	13;1
	4;300
	5;0;4
	5;1;3
@104
	3;1;0;ちょい、待って！
@105
	3;1;1;私は黒幕だけど、普通よ
	2;1;0
	4;300
	5;0;3
	5;1;4
@106
	3;0;0;こんな所に黒幕も普通もないわ
	2;0;9
	4;300
	5;0;3
	5;1;4
@107
	3;0;0;そもそも、あんたは今何が
@108
	3;0;1;普通じゃないのか分かってるの？
	2;0;8
	4;300
@109
	5;0;4
	5;1;3
	3;1;0;例年より、雪の結晶が大きいわ
	3;1;1;大体、３倍位
	2;1;1
	4;300
@110
	5;0;3
	5;1;4
	3;0;0;ああそうね
	2;0;3
	4;300
@111
	5;0;4
	5;1;3
	3;1;0;あとは、頭のおかしなメイドが
	3;1;1;空を飛んでることくらいかな
	2;1;0
	7;1
	4;300
@112
	5;0;3
	5;1;4
	3;0;0;そうね。
	3;0;1;やっぱり、あんたが黒幕ね
	2;0;0
	4;300
	5;0;5
	5;1;5
	13;0
@142
	0
	13;1
@0
	0
entry 21
@0
	1;0;0
	2;0;2
	5;0;1
@60
	3;0;0;黒幕、弱いなぁ
	4;300
	3;0;0;次の黒幕でも探さないとね
	4;900
	13;0
@120
	9;0
	12
@180
	4;1200
	11
	10
@0
	0
